5296
5293
5262
5265
5268
5269
5266
5263
5232
5235
5238
5239
5236
5233
5522
5525
5528
5529
5526
5523
5552
5555
5558
5559
5556
5553
5582
5585
5588
5589
5586
5583
5592
5595
5598
5599
5596
5593
5562
5565
5568
5569
5566
5563
5532
5535
5538
5539
5536
5533
5822
5825
5828
5829
5826
5823
5852
5855
5858
5859
5856
5853
5882
5885
5888
5889
5886
5883
5892
5895
5898
5899
5896
5893
5862
5865
5868
5869
5866
5863
5832
5835
5838
5839
5836
5833
5922
5925
5928
5929
5926
5923
5952
5955
5958
5959
5956
5953
5982
5985
5988
5989
5986
5983
5992
5995
5998
5999
5996
5993
5962
5965
5968
5969
5966
5963
5932
5935
5938
5939
5936
5933
5622
5625
5628
5629
5626
5623
5652
5655
5658
5659
5656
5653
5682
5685
5688
5689
5686
5683
5692
5695
5698
5699
5696
5693
5662
5665
5668
5669
5666
5663
5632
5635
5638
5639
5636
5633
5322
5325
5328
5329
5326
5323
5352
5355
5358
5359
5356
5353
5382
5385
5388
5389
5386
5383
5392
5395
5398
5399
5396
5393
5362
5365
5368
5369
5366
5363
5332
5335
5338
5339
5336
5333
8222
8225
8228
8229
8226
8223
8252
8255
8258
8259
8256
8253
8282
8285
8288
8289
8286
8283
8292
8295
8298
8299
8296
8293
8262
8265
8268
8269
8266
8263
8232
8235
8238
8239
8236
8233
8522
8525
8528
8529
8526
8523
8552
8555
8558
8559
8556
8553
8582
8585
8588
8589
8586
8583
8592
8595
8598
8599
8596
8593
8562
8565
8568
8569
8566
8563
8532
8535
8538
8539
8536
8533
8822
8825
8828
8829
8826
8823
8852
8855
8858
8859
8856
8853
8882
8885
8888
8889
8886
8883
8892
8895
8898
8899
8896
8893
8862
8865
8868
8869
8866
8863
8832
8835
8838
8839
8836
8833
8922
8925
8928
8929
8926
8923
8952
8955
8958
8959
8956
8953
8982
8985
8988
8989
8986
8983
8992
8995
8998
8999
8996
8993
8962
8965
8968
8969
8966
8963
8932
8935
8938
8939
8936
8933
8622
8625
8628
8629
8626
8623
8652
8655
8658
8659
8656
8653
8682
8685
8688
8689
8686
8683
8692
8695
8698
8699
8696
8693
8662
8665
8668
8669
8666
8663
8632
8635
8638
8639
8636
8633
8322
8325
8328
8329
8326
8323
8352
8355
8358
8359
8356
8353
8382
8385
8388
8389
8386
8383
8392
8395
8398
8399
8396
8393
8362
8365
8368
8369
8366
8363
8332
8335
8338
8339
8336
8333
9222
9225
9228
9229
9226
9223
9252
9255
9258
9259
9256
9253
9282
9285
9288
9289
9286
9283
9292
9295
9298
9299
9296
9293
9262
9265
9268
9269
9266
9263
9232
9235
9238
9239
9236
9233
9522
9525
9528
9529
9526
9523
9552
9555
9558
9559
9556
9553
9582
9585
9588
9589
9586
9583
9592
9595
9598
9599
9596
9593
9562
9565
9568
9569
9566
9563
9532
9535
9538
9539
9536
9533
9822
9825
9828
9829
9826
9823
9852
9855
9858
9859
9856
9853
9882
9885
9888
9889
9886
9883
9892
9895
9898
9899
9896
9893
9862
9865
9868
9869
9866
9863
9832
9835
9838
9839
9836
9833
9922
9925
9928
9929
9926
9923
9952
9955
9958
9959
9956
9953
9982
9985
9988
9989
9986
9983
9992
9995
9998
9999
9996
9993
9962
9965
9968
9969
9966
9963
9932
9935
9938
9939
9936
9933
9622
9625
9628
9629
9626
9623
9652
9655
9658
9659
9656
9653
9682
9685
9688
9689
9686
9683
9692
9695
9698
9699
9696
9693
9662
9665
9668
9669
9666
9663
9632
9635
9638
9639
9636
9633
9322
9325
9328
9329
9326
9323
9352
9355
9358
9359
9356
9353
9382
9385
9388
9389
9386
9383
9392
9395
9398
9399
9396
9393
9362
9365
9368
9369
9366
9363
9332
9335
9338
9339
9336
9333
6222
6225
6228
6229
6226
6223
6252
6255
6258
6259
6256
6253
6282
6285
6288
6289
6286
6283
6292
6295
6298
6299
6296
6293
6262
6265
6268
6269
6266
6263
6232
6235
6238
6239
6236
6233
6522
6525
6528
6529
6526
6523
6552
6555
6558
6559
6556
6553
6582
6585
6588
6589
6586
6583
6592
6595
6598
6599
6596
6593
6562
6565
6568
6569
6566
6563
6532
6535
6538
6539
6536
6533
6822
6825
6828
6829
6826
6823
6852
6855
6858
6859
6856
6853
6882
6885
6888
6889
6886
6883
6892
6895
6898
6899
6896
6893
6862
6865
6868
6869
6866
6863
6832
6835
6838
6839
6836
6833
6922
6925
6928
6929
6926
6923
6952
6955
6958
6959
6956
6953
6982
6985
6988
6989
6986
6983
6992
6995
6998
6999
6996
6993
6962
6965
6968
6969
6966
6963
6932
6935
6938
6939
6936
6933
6622
6625
6628
6629
6626
6623
6652
6655
6658
6659
6656
6653
6682
6685
6688
6689
6686
6683
6692
6695
6698
6699
6696
6693
6662
6665
6668
6669
6666
6663
6632
6635
6638
6639
6636
6633
6322
6325
6328
6329
6326
6323
6352
6355
6358
6359
6356
6353
6382
6385
6388
6389
6386
6383
6392
6395
6398
6399
6396
6393
6362
6365
6368
6369
6366
6363
6332
6335
6338
6339
6336
6333
3222
3225
3228
3229
3226
3223
3252
3255
3258
3259
3256
3253
3282
3285
3288
3289
3286
3283
3292
3295
3298
3299
3296
3293
3262
3265
3268
3269
3266
3263
3232
3235
3238
3239
3236
3233
3522
3525
3528
3529
3526
3523
3552
3555
3558
3559
3556
3553
3582
3585
3588
3589
3586
3583
3592
3595
3598
3599
3596
3593
3562
3565
3568
3569
3566
3563
3532
3535
3538
3539
3536
3533
3822
3825
3828
3829
3826
3823
3852
3855
3858
3859
3856
3853
3882
3885
3888
3889
3886
3883
3892
3895
3898
3899
3896
3893
3862
3865
3868
3869
3866
3863
3832
3835
3838
3839
3836
3833
3922
3925
3928
3929
3926
3923
3952
3955
3958
3959
3956
3953
3982
3985
3988
3989
3986
3983
3992
3995
3998
3999
3996
3993
3962
3965
3968
3969
3966
3963
3932
3935
3938
3939
3936
3933
3622
3625
3628
3629
3626
3623
3652
3655
3658
3659
3656
3653
3682
3685
3688
3689
3686
3683
3692
3695
3698
3699
3696
3693
3662
3665
3668
3669
3666
3663
3632
3635
3638
3639
3636
3633
3322
3325
3328
3329
3326
3323
3352
3355
3358
3359
3356
3353
3382
3385
3388
3389
3386
3383
3392
3395
3398
3399
3396
3393
3362
3365
3368
3369
3366
3363
3332
3335
3338
3339
3336
3333
4185
4182
4151
4154
4157
4158
4155
4152
4121
4124
4127
4128
4125
4122
4411
4414
4417
4418
4415
4412
4441
4444
4447
4448
4445
4442
4471
4474
4477
4478
4475
4472
4481
4484
4487
4488
4485
4482
4451
4454
4457
4458
4455
4452
4421
4424
4427
4428
4425
4422
4711
4714
4717
4718
4715
4712
4741
4744
4747
4748
4745
4742
4771
4774
4777
4778
4775
4772
4781
4784
4787
4788
4785
4782
4751
4754
4757
4758
4755
4752
4721
4724
4727
4728
4725
4722
4811
4814
4817
4818
4815
4812
4841
4844
4847
4848
4845
4842
4871
4874
4877
4878
4875
4872
4881
4884
4887
4888
4885
4882
4851
4854
4857
4858
4855
4852
4821
4824
4827
4828
4825
4822
4511
4514
4517
4518
4515
4512
4541
4544
4547
4548
4545
4542
4571
4574
4577
4578
4575
4572
4581
4584
4587
4588
4585
4582
4551
4554
4557
4558
4555
4552
4521
4524
4527
4528
4525
4522
4211
4214
4217
4218
4215
4212
4241
4244
4247
4248
4245
4242
4271
4274
4277
4278
4275
4272
4281
4284
4287
4288
4285
4282
4251
4254
4257
4258
4255
4252
4221
4224
4227
4228
4225
4222
7111
7114
7117
7118
7115
7112
7141
7144
7147
7148
7145
7142
7171
7174
7177
7178
7175
7172
7181
7184
7187
7188
7185
7182
7151
7154
7157
7158
7155
7152
7121
7124
7127
7128
7125
7122
7411
7414
7417
7418
7415
7412
7441
7444
7447
7448
7445
7442
7471
7474
7477
7478
7475
7472
7481
7484
7487
7488
7485
7482
7451
7454
7457
7458
7455
7452
7421
7424
7427
7428
7425
7422
7711
7714
7717
7718
7715
7712
7741
7744
7747
7748
7745
7742
7771
7774
7777
7778
7775
7772
7781
7784
7787
7788
7785
7782
7751
7754
7757
7758
7755
7752
7721
7724
7727
7728
7725
7722
7811
7814
7817
7818
7815
7812
7841
7844
7847
7848
7845
7842
7871
7874
7877
7878
7875
7872
7881
7884
7887
7888
7885
7882
7851
7854
7857
7858
7855
7852
7821
7824
7827
7828
7825
7822
7511
7514
7517
7518
7515
7512
7541
7544
7547
7548
7545
7542
7571
7574
7577
7578
7575
7572
7581
7584
7587
7588
7585
7582
7551
7554
7557
7558
7555
7552
7521
7524
7527
7528
7525
7522
7211
7214
7217
7218
7215
7212
7241
7244
7247
7248
7245
7242
7271
7274
7277
7278
7275
7272
7281
7284
7287
7288
7285
7282
7251
7254
7257
7258
7255
7252
7221
7224
7227
7228
7225
7222
8111
8114
8117
8118
8115
8112
8141
8144
8147
8148
8145
8142
8171
8174
8177
8178
8175
8172
8181
8184
8187
8188
8185
8182
8151
8154
8157
8158
8155
8152
8121
8124
8127
8128
8125
8122
8411
8414
8417
8418
8415
8412
8441
8444
8447
8448
8445
8442
8471
8474
8477
8478
8475
8472
8481
8484
8487
8488
8485
8482
8451
8454
8457
8458
8455
8452
8421
8424
8427
8428
8425
8422
8711
8714
8717
8718
8715
8712
8741
8744
8747
8748
8745
8742
8771
8774
8777
8778
8775
8772
8781
8784
8787
8788
8785
8782
8751
8754
8757
8758
8755
8752
8721
8724
8727
8728
8725
8722
8811
8814
8817
8818
8815
8812
8841
8844
8847
8848
8845
8842
8871
8874
8877
8878
8875
8872
8881
8884
8887
8888
8885
8882
8851
8854
8857
8858
8855
8852
8821
8824
8827
8828
8825
8822
8511
8514
8517
8518
8515
8512
8541
8544
8547
8548
8545
8542
8571
8574
8577
8578
8575
8572
8581
8584
8587
8588
8585
8582
8551
8554
8557
8558
8555
8552
8521
8524
8527
8528
8525
8522
8211
8214
8217
8218
8215
8212
8241
8244
8247
8248
8245
8242
8271
8274
8277
8278
8275
8272
8281
8284
8287
8288
8285
8282
8251
8254
8257
8258
8255
8252
8221
8224
8227
8228
8225
8222
5111
5114
5117
5118
5115
5112
5141
5144
5147
5148
5145
5142
5171
5174
5177
5178
5175
5172
5181
5184
5187
5188
5185
5182
5151
5154
5157
5158
5155
5152
5121
5124
5127
5128
5125
5122
5411
5414
5417
5418
5415
5412
5441
5444
5447
5448
5445
5442
5471
5474
5477
5478
5475
5472
5481
5484
5487
5488
5485
5482
5451
5454
5457
5458
5455
5452
5421
5424
5427
5428
5425
5422
5711
5714
5717
5718
5715
5712
5741
5744
5747
5748
5745
5742
5771
5774
5777
5778
5775
5772
5781
5784
5787
5788
5785
5782
5751
5754
5757
5758
5755
5752
5721
5724
5727
5728
5725
5722
5811
5814
5817
5818
5815
5812
5841
5844
5847
5848
5845
5842
5871
5874
5877
5878
5875
5872
5881
5884
5887
5888
5885
5882
5851
5854
5857
5858
5855
5852
5821
5824
5827
5828
5825
5822
5511
5514
5517
5518
5515
5512
5541
5544
5547
5548
5545
5542
5571
5574
5577
5578
5575
5572
5581
5584
5587
5588
5585
5582
5551
5554
5557
5558
5555
5552
5521
5524
5527
5528
5525
5522
5211
5214
5217
5218
5215
5212
5241
5244
5247
5248
5245
5242
5271
5274
5277
5278
5275
5272
5281
5284
5287
5288
5285
5282
5251
5254
5257
5258
5255
5252
5221
5224
5227
5228
5225
5222
2111
2114
2117
2118
2115
2112
2141
2144
2147
2148
2145
2142
2171
2174
2177
2178
2175
2172
2181
2184
2187
2188
2185
2182
2151
2154
2157
2158
2155
2152
2121
2124
2127
2128
2125
2122
2411
2414
2417
2418
2415
2412
2441
2444
2447
2448
2445
2442
2471
2474
2477
2478
2475
2472
2481
2484
2487
2488
2485
2482
2451
2454
2457
2458
2455
2452
2421
2424
2427
2428
2425
2422
2711
2714
2717
2718
2715
2712
2741
2744
2747
2748
2745
2742
2771
2774
2777
2778
2775
2772
2781
2784
2787
2788
2785
2782
2751
2754
2757
2758
2755
2752
2721
2724
2727
2728
2725
2722
2811
2814
2817
2818
2815
2812
2841
2844
2847
2848
2845
2842
2871
2874
2877
2878
2875
2872
2881
2884
2887
2888
2885
2882
2851
2854
2857
2858
2855
2852
2821
2824
2827
2828
2825
2822
2511
2514
2517
2518
2515
2512
2541
2544
2547
2548
2545
2542
2571
2574
2577
2578
2575
2572
2581
2584
2587
2588
2585
2582
2551
2554
2557
2558
2555
2552
2521
2524
2527
2528
2525
2522
2211
2214
2217
2218
2215
2212
2241
2244
2247
2248
2245
2242
2271
2274
2277
2278
2275
2272
2281
2284
2287
2288
2285
2282
2251
2254
2257
2258
2255
2252
2221
2224
2227
2228
2225
2222

5412
5413
5424
5425
5426
5421
5422
5423
5434
5435
5436
5431
5432
5433
5544
5545
5546
5541
5542
5543
5554
5555
5556
5551
5552
5553
5564
5565
5566
5561
5562
5563
5514
5515
5516
5511
5512
5513
5524
5525
5526
5521
5522
5523
5534
5535
5536
5531
5532
5533
5644
5645
5646
5641
5642
5643
5654
5655
5656
5651
5652
5653
5664
5665
5666
5661
5662
5663
5614
5615
5616
5611
5612
5613
5624
5625
5626
5621
5622
5623
5634
5635
5636
5631
5632
5633
5144
5145
5146
5141
5142
5143
5154
5155
5156
5151
5152
5153
5164
5165
5166
5161
5162
5163
5114
5115
5116
5111
5112
5113
5124
5125
5126
5121
5122
5123
5134
5135
5136
5131
5132
5133
5244
5245
5246
5241
5242
5243
5254
5255
5256
5251
5252
5253
5264
5265
5266
5261
5262
5263
5214
5215
5216
5211
5212
5213
5224
5225
5226
5221
5222
5223
5234
5235
5236
5231
5232
5233
5344
5345
5346
5341
5342
5343
5354
5355
5356
5351
5352
5353
5364
5365
5366
5361
5362
5363
5314
5315
5316
5311
5312
5313
5324
5325
5326
5321
5322
5323
5334
5335
5336
5331
5332
5333
6444
6445
6446
6441
6442
6443
6454
6455
6456
6451
6452
6453
6464
6465
6466
6461
6462
6463
6414
6415
6416
6411
6412
6413
6424
6425
6426
6421
6422
6423
6434
6435
6436
6431
6432
6433
6544
6545
6546
6541
6542
6543
6554
6555
6556
6551
6552
6553
6564
6565
6566
6561
6562
6563
6514
6515
6516
6511
6512
6513
6524
6525
6526
6521
6522
6523
6534
6535
6536
6531
6532
6533
6644
6645
6646
6641
6642
6643
6654
6655
6656
6651
6652
6653
6664
6665
6666
6661
6662
6663
6614
6615
6616
6611
6612
6613
6624
6625
6626
6621
6622
6623
6634
6635
6636
6631
6632
6633
6144
6145
6146
6141
6142
6143
6154
6155
6156
6151
6152
6153
6164
6165
6166
6161
6162
6163
6114
6115
6116
6111
6112
6113
6124
6125
6126
6121
6122
6123
6134
6135
6136
6131
6132
6133
6244
6245
6246
6241
6242
6243
6254
6255
6256
6251
6252
6253
6264
6265
6266
6261
6262
6263
6214
6215
6216
6211
6212
6213
6224
6225
6226
6221
6222
6223
6234
6235
6236
6231
6232
6233
6344
6345
6346
6341
6342
6343
6354
6355
6356
6351
6352
6353
6364
6365
6366
6361
6362
6363
6314
6315
6316
6311
6312
6313
6324
6325
6326
6321
6322
6323
6334
6335
6336
6331
6332
6333
1444
1445
1446
1441
1442
1443
1454
1455
1456
1451
1452
1453
1464
1465
1466
1461
1462
1463
1414
1415
1416
1411
1412
1413
1424
1425
1426
1421
1422
1423
1434
1435
1436
1431
1432
1433
1544
1545
1546
1541
1542
1543
1554
1555
1556
1551
1552
1553
1564
1565
1566
1561
1562
1563
1514
1515
1516
1511
1512
1513
1524
1525
1526
1521
1522
1523
1534
1535
1536
1531
1532
1533
1644
1645
1646
1641
1642
1643
1654
1655
1656
1651
1652
1653
1664
1665
1666
1661
1662
1663
1614
1615
1616
1611
1612
1613
1624
1625
1626
1621
1622
1623
1634
1635
1636
1631
1632
1633
1144
1145
1146
1141
1142
1143
1154
1155
1156
1151
1152
1153
1164
1165
1166
1161
1162
1163
1114
1115
1116
1111
1112
1113
1124
1125
1126
1121
1122
1123
1134
1135
1136
1131
1132
1133
1244
1245
1246
1241
1242
1243
1254
1255
1256
1251
1252
1253
1264
1265
1266
1261
1262
1263
1214
1215
1216
1211
1212
1213
1224
1225
1226
1221
1222
1223
1234
1235
1236
1231
1232
1233
1344
1345
1346
1341
1342
1343
1354
1355
1356
1351
1352
1353
1364
1365
1366
1361
1362
1363
1314
1315
1316
1311
1312
1313
1324
1325
1326
1321
1322
1323
1334
1335
1336
1331
1332
1333
2444
2445
2446
2441
2442
2443
2454
2455
2456
2451
2452
2453
2464
2465
2466
2461
2462
2463
2414
2415
2416
2411
2412
2413
2424
2425
2426
2421
2422
2423
2434
2435
2436
2431
2432
2433
2544
2545
2546
2541
2542
2543
2554
2555
2556
2551
2552
2553
2564
2565
2566
2561
2562
2563
2514
2515
2516
2511
2512
2513
2524
2525
2526
2521
2522
2523
2534
2535
2536
2531
2532
2533
2644
2645
2646
2641
2642
2643
2654
2655
2656
2651
2652
2653
2664
2665
2666
2661
2662
2663
2614
2615
2616
2611
2612
2613
2624
2625
2626
2621
2622
2623
2634
2635
2636
2631
2632
2633
2144
2145
2146
2141
2142
2143
2154
2155
2156
2151
2152
2153
2164
2165
2166
2161
2162
2163
2114
2115
2116
2111
2112
2113
2124
2125
2126
2121
2122
2123
2134
2135
2136
2131
2132
2133
2244
2245
2246
2241
2242
2243
2254
2255
2256
2251
2252
2253
2264
2265
2266
2261
2262
2263
2214
2215
2216
2211
2212
2213
2224
2225
2226
2221
2222
2223
2234
2235
2236
2231
2232
2233
2344
2345
2346
2341
2342
2343
2354
2355
2356
2351
2352
2353
2364
2365
2366
2361
2362
2363
2314
2315
2316
2311
2312
2313
2324
2325
2326
2321
2322
2323
2334
2335
2336
2331
2332
2333
3444
3445
3446
3441
3442
3443
3454
3455
3456
3451
3452
3453
3464
3465
3466
3461
3462
3463
3414
3415
3416
3411
3412
3413
3424
3425
3426
3421
3422
3423
3434
3435
3436
3431
3432
3433
3544
3545
3546
3541
3542
3543
3554
3555
3556
3551
3552
3553
3564
3565
3566
3561
3562
3563
3514
3515
3516
3511
3512
3513
3524
3525
3526
3521
3522
3523
3534
3535
3536
3531
3532
3533
3644
3645
3646
3641
3642
3643
3654
3655
3656
3651
3652
3653
3664
3665
3666
3661
3662
3663
3614
3615
3616
3611
3612
3613
3624
3625
3626
3621
3622
3623
3634
3635
3636
3631
3632
3633
3144
3145
3146
3141
3142
3143
3154
3155
3156
3151
3152
3153
3164
3165
3166
3161
3162
3163
3114
3115
3116
3111
3112
3113
3124
3125
3126
3121
3122
3123
3134
3135
3136
3131
3132
3133
3244
3245
3246
3241
3242
3243
3254
3255
3256
3251
3252
3253
3264
3265
3266
3261
3262
3263
3214
3215
3216
3211
3212
3213
3224
3225
3226
3221
3222
3223
3234
3235
3236
3231
3232
3233
3344
3345
3346
3341
3342
3343
3354
3355
3356
3351
3352
3353
3364
3365
3366
3361
3362
3363
3314
3315
3316
3311
3312
3313
3324
3325
3326
3321
3322
3323
3334
3335
3336
3331
3332
3333

5479
5484
5485
5486
5487
5488
5489
5494
5495
5496
5497
5498
5499
5544
5545
5546
5547
5548
5549
5554
5555
5556
5557
5558
5559
5564
5565
5566
5567
5568
5569
5574
5575
5576
5577
5578
5579
5584
5585
5586
5587
5588
5589
5594
5595
5596
5597
5598
5599
5644
5645
5646
5647
5648
5649
5654
5655
5656
5657
5658
5659
5664
5665
5666
5667
5668
5669
5674
5675
5676
5677
5678
5679
5684
5685
5686
5687
5688
5689
5694
5695
5696
5697
5698
5699
5744
5745
5746
5747
5748
5749
5754
5755
5756
5757
5758
5759
5764
5765
5766
5767
5768
5769
5774
5775
5776
5777
5778
5779
5784
5785
5786
5787
5788
5789
5794
5795
5796
5797
5798
5799
5844
5845
5846
5847
5848
5849
5854
5855
5856
5857
5858
5859
5864
5865
5866
5867
5868
5869
5874
5875
5876
5877
5878
5879
5884
5885
5886
5887
5888
5889
5894
5895
5896
5897
5898
5899
5944
5945
5946
5947
5948
5949
5954
5955
5956
5957
5958
5959
5964
5965
5966
5967
5968
5969
5974
5975
5976
5977
5978
5979
5984
5985
5986
5987
5988
5989
5994
5995
5996
5997
5998
5999
6444
6445
6446
6447
6448
6449
6454
6455
6456
6457
6458
6459
6464
6465
6466
6467
6468
6469
6474
6475
6476
6477
6478
6479
6484
6485
6486
6487
6488
6489
6494
6495
6496
6497
6498
6499
6544
6545
6546
6547
6548
6549
6554
6555
6556
6557
6558
6559
6564
6565
6566
6567
6568
6569
6574
6575
6576
6577
6578
6579
6584
6585
6586
6587
6588
6589
6594
6595
6596
6597
6598
6599
6644
6645
6646
6647
6648
6649
6654
6655
6656
6657
6658
6659
6664
6665
6666
6667
6668
6669
6674
6675
6676
6677
6678
6679
6684
6685
6686
6687
6688
6689
6694
6695
6696
6697
6698
6699
6744
6745
6746
6747
6748
6749
6754
6755
6756
6757
6758
6759
6764
6765
6766
6767
6768
6769
6774
6775
6776
6777
6778
6779
6784
6785
6786
6787
6788
6789
6794
6795
6796
6797
6798
6799
6844
6845
6846
6847
6848
6849
6854
6855
6856
6857
6858
6859
6864
6865
6866
6867
6868
6869
6874
6875
6876
6877
6878
6879
6884
6885
6886
6887
6888
6889
6894
6895
6896
6897
6898
6899
6944
6945
6946
6947
6948
6949
6954
6955
6956
6957
6958
6959
6964
6965
6966
6967
6968
6969
6974
6975
6976
6977
6978
6979
6984
6985
6986
6987
6988
6989
6994
6995
6996
6997
6998
6999
7444
7445
7446
7447
7448
7449
7454
7455
7456
7457
7458
7459
7464
7465
7466
7467
7468
7469
7474
7475
7476
7477
7478
7479
7484
7485
7486
7487
7488
7489
7494
7495
7496
7497
7498
7499
7544
7545
7546
7547
7548
7549
7554
7555
7556
7557
7558
7559
7564
7565
7566
7567
7568
7569
7574
7575
7576
7577
7578
7579
7584
7585
7586
7587
7588
7589
7594
7595
7596
7597
7598
7599
7644
7645
7646
7647
7648
7649
7654
7655
7656
7657
7658
7659
7664
7665
7666
7667
7668
7669
7674
7675
7676
7677
7678
7679
7684
7685
7686
7687
7688
7689
7694
7695
7696
7697
7698
7699
7744
7745
7746
7747
7748
7749
7754
7755
7756
7757
7758
7759
7764
7765
7766
7767
7768
7769
7774
7775
7776
7777
7778
7779
7784
7785
7786
7787
7788
7789
7794
7795
7796
7797
7798
7799
7844
7845
7846
7847
7848
7849
7854
7855
7856
7857
7858
7859
7864
7865
7866
7867
7868
7869
7874
7875
7876
7877
7878
7879
7884
7885
7886
7887
7888
7889
7894
7895
7896
7897
7898
7899
7944
7945
7946
7947
7948
7949
7954
7955
7956
7957
7958
7959
7964
7965
7966
7967
7968
7969
7974
7975
7976
7977
7978
7979
7984
7985
7986
7987
7988
7989
7994
7995
7996
7997
7998
7999
8444
8445
8446
8447
8448
8449
8454
8455
8456
8457
8458
8459
8464
8465
8466
8467
8468
8469
8474
8475
8476
8477
8478
8479
8484
8485
8486
8487
8488
8489
8494
8495
8496
8497
8498
8499
8544
8545
8546
8547
8548
8549
8554
8555
8556
8557
8558
8559
8564
8565
8566
8567
8568
8569
8574
8575
8576
8577
8578
8579
8584
8585
8586
8587
8588
8589
8594
8595
8596
8597
8598
8599
8644
8645
8646
8647
8648
8649
8654
8655
8656
8657
8658
8659
8664
8665
8666
8667
8668
8669
8674
8675
8676
8677
8678
8679
8684
8685
8686
8687
8688
8689
8694
8695
8696
8697
8698
8699
8744
8745
8746
8747
8748
8749
8754
8755
8756
8757
8758
8759
8764
8765
8766
8767
8768
8769
8774
8775
8776
8777
8778
8779
8784
8785
8786
8787
8788
8789
8794
8795
8796
8797
8798
8799
8844
8845
8846
8847
8848
8849
8854
8855
8856
8857
8858
8859
8864
8865
8866
8867
8868
8869
8874
8875
8876
8877
8878
8879
8884
8885
8886
8887
8888
8889
8894
8895
8896
8897
8898
8899
8944
8945
8946
8947
8948
8949
8954
8955
8956
8957
8958
8959
8964
8965
8966
8967
8968
8969
8974
8975
8976
8977
8978
8979
8984
8985
8986
8987
8988
8989
8994
8995
8996
8997
8998
8999
9444
9445
9446
9447
9448
9449
9454
9455
9456
9457
9458
9459
9464
9465
9466
9467
9468
9469
9474
9475
9476
9477
9478
9479
9484
9485
9486
9487
9488
9489
9494
9495
9496
9497
9498
9499
9544
9545
9546
9547
9548
9549
9554
9555
9556
9557
9558
9559
9564
9565
9566
9567
9568
9569
9574
9575
9576
9577
9578
9579
9584
9585
9586
9587
9588
9589
9594
9595
9596
9597
9598
9599
9644
9645
9646
9647
9648
9649
9654
9655
9656
9657
9658
9659
9664
9665
9666
9667
9668
9669
9674
9675
9676
9677
9678
9679
9684
9685
9686
9687
9688
9689
9694
9695
9696
9697
9698
9699
9744
9745
9746
9747
9748
9749
9754
9755
9756
9757
9758
9759
9764
9765
9766
9767
9768
9769
9774
9775
9776
9777
9778
9779
9784
9785
9786
9787
9788
9789
9794
9795
9796
9797
9798
9799
9844
9845
9846
9847
9848
9849
9854
9855
9856
9857
9858
9859
9864
9865
9866
9867
9868
9869
9874
9875
9876
9877
9878
9879
9884
9885
9886
9887
9888
9889
9894
9895
9896
9897
9898
9899
9944
9945
9946
9947
9948
9949
9954
9955
9956
9957
9958
9959
9964
9965
9966
9967
9968
9969
9974
9975
9976
9977
9978
9979
9984
9985
9986
9987
9988
9989
9994
9995
9996
9997
9998
9999

9035
9034
9033
9032
9031
9038
9039
9030
9027
9026
9025
9024
9023
9022
9021
9028
9029
9020
9017
9016
9015
9014
9013
9012
9011
9018
9019
9010
9087
9086
9085
9084
9083
9082
9081
9088
9089
9080
9097
9096
9095
9094
9093
9092
9091
9098
9099
9090
9007
9006
9005
9004
9003
9002
9001
9008
9009
9000
0777
0776
0775
0774
0773
0772
0771
0778
0779
0770
0767
0766
0765
0764
0763
0762
0761
0768
0769
0760
0757
0756
0755
0754
0753
0752
0751
0758
0759
0750
0747
0746
0745
0744
0743
0742
0741
0748
0749
0740
0737
0736
0735
0734
0733
0732
0731
0738
0739
0730
0727
0726
0725
0724
0723
0722
0721
0728
0729
0720
0717
0716
0715
0714
0713
0712
0711
0718
0719
0710
0787
0786
0785
0784
0783
0782
0781
0788
0789
0780
0797
0796
0795
0794
0793
0792
0791
0798
0799
0790
0707
0706
0705
0704
0703
0702
0701
0708
0709
0700
0677
0676
0675
0674
0673
0672
0671
0678
0679
0670
0667
0666
0665
0664
0663
0662
0661
0668
0669
0660
0657
0656
0655
0654
0653
0652
0651
0658
0659
0650
0647
0646
0645
0644
0643
0642
0641
0648
0649
0640
0637
0636
0635
0634
0633
0632
0631
0638
0639
0630
0627
0626
0625
0624
0623
0622
0621
0628
0629
0620
0617
0616
0615
0614
0613
0612
0611
0618
0619
0610
0687
0686
0685
0684
0683
0682
0681
0688
0689
0680
0697
0696
0695
0694
0693
0692
0691
0698
0699
0690
0607
0606
0605
0604
0603
0602
0601
0608
0609
0600
0577
0576
0575
0574
0573
0572
0571
0578
0579
0570
0567
0566
0565
0564
0563
0562
0561
0568
0569
0560
0557
0556
0555
0554
0553
0552
0551
0558
0559
0550
0547
0546
0545
0544
0543
0542
0541
0548
0549
0540
0537
0536
0535
0534
0533
0532
0531
0538
0539
0530
0527
0526
0525
0524
0523
0522
0521
0528
0529
0520
0517
0516
0515
0514
0513
0512
0511
0518
0519
0510
0587
0586
0585
0584
0583
0582
0581
0588
0589
0580
0597
0596
0595
0594
0593
0592
0591
0598
0599
0590
0507
0506
0505
0504
0503
0502
0501
0508
0509
0500
0477
0476
0475
0474
0473
0472
0471
0478
0479
0470
0467
0466
0465
0464
0463
0462
0461
0468
0469
0460
0457
0456
0455
0454
0453
0452
0451
0458
0459
0450
0447
0446
0445
0444
0443
0442
0441
0448
0449
0440
0437
0436
0435
0434
0433
0432
0431
0438
0439
0430
0427
0426
0425
0424
0423
0422
0421
0428
0429
0420
0417
0416
0415
0414
0413
0412
0411
0418
0419
0410
0487
0486
0485
0484
0483
0482
0481
0488
0489
0480
0497
0496
0495
0494
0493
0492
0491
0498
0499
0490
0407
0406
0405
0404
0403
0402
0401
0408
0409
0400
0377
0376
0375
0374
0373
0372
0371
0378
0379
0370
0367
0366
0365
0364
0363
0362
0361
0368
0369
0360
0357
0356
0355
0354
0353
0352
0351
0358
0359
0350
0347
0346
0345
0344
0343
0342
0341
0348
0349
0340
0337
0336
0335
0334
0333
0332
0331
0338
0339
0330
0327
0326
0325
0324
0323
0322
0321
0328
0329
0320
0317
0316
0315
0314
0313
0312
0311
0318
0319
0310
0387
0386
0385
0384
0383
0382
0381
0388
0389
0380
0397
0396
0395
0394
0393
0392
0391
0398
0399
0390
0307
0306
0305
0304
0303
0302
0301
0308
0309
0300
0277
0276
0275
0274
0273
0272
0271
0278
0279
0270
0267
0266
0265
0264
0263
0262
0261
0268
0269
0260
0257
0256
0255
0254
0253
0252
0251
0258
0259
0250
0247
0246
0245
0244
0243
0242
0241
0248
0249
0240
0237
0236
0235
0234
0233
0232
0231
0238
0239
0230
0227
0226
0225
0224
0223
0222
0221
0228
0229
0220
0217
0216
0215
0214
0213
0212
0211
0218
0219
0210
0287
0286
0285
0284
0283
0282
0281
0288
0289
0280
0297
0296
0295
0294
0293
0292
0291
0298
0299
0290
0207
0206
0205
0204
0203
0202
0201
0208
0209
0200
0177
0176
0175
0174
0173
0172
0171
0178
0179
0170
0167
0166
0165
0164
0163
0162
0161
0168
0169
0160
0157
0156
0155
0154
0153
0152
0151
0158
0159
0150
0147
0146
0145
0144
0143
0142
0141
0148
0149
0140
0137
0136
0135
0134
0133
0132
0131
0138
0139
0130
0127
0126
0125
0124
0123
0122
0121
0128
0129
0120
0117
0116
0115
0114
0113
0112
0111
0118
0119
0110
0187
0186
0185
0184
0183
0182
0181
0188
0189
0180
0197
0196
0195
0194
0193
0192
0191
0198
0199
0190
0107
0106
0105
0104
0103
0102
0101
0108
0109
0100
0877
0876
0875
0874
0873
0872
0871
0878
0879
0870
0867
0866
0865
0864
0863
0862
0861
0868
0869
0860
0857
0856
0855
0854
0853
0852
0851
0858
0859
0850
0847
0846
0845
0844
0843
0842
0841
0848
0849
0840
0837
0836
0835
0834
0833
0832
0831
0838
0839
0830
0827
0826
0825
0824
0823
0822
0821
0828
0829
0820
0817
0816
0815
0814
0813
0812
0811
0818
0819
0810
0887
0886
0885
0884
0883
0882
0881
0888
0889
0880
0897
0896
0895
0894
0893
0892
0891
0898
0899
0890
0807
0806
0805
0804
0803
0802
0801
0808
0809
0800
0977
0976
0975
0974
0973
0972
0971
0978
0979
0970
0967
0966
0965
0964
0963
0962
0961
0968
0969
0960
0957
0956
0955
0954
0953
0952
0951
0958
0959
0950
0947
0946
0945
0944
0943
0942
0941
0948
0949
0940
0937
0936
0935
0934
0933
0932
0931
0938
0939
0930
0927
0926
0925
0924
0923
0922
0921
0928
0929
0920
0917
0916
0915
0914
0913
0912
0911
0918
0919
0910
0987
0986
0985
0984
0983
0982
0981
0988
0989
0980
0997
0996
0995
0994
0993
0992
0991
0998
0999
0990
0907
0906
0905
0904
0903
0902
0901
0908
0909
0900
0077
0076
0075
0074
0073
0072
0071
0078
0079
0070
0067
0066
0065
0064
0063
0062
0061
0068
0069
0060
0057
0056
0055
0054
0053
0052
0051
0058
0059
0050
0047
0046
0045
0044
0043
0042
0041
0048
0049
0040
0037
0036
0035
0034
0033
0032
0031
0038
0039
0030
0027
0026
0025
0024
0023
0022
0021
0028
0029
0020
0017
0016
0015
0014
0013
0012
0011
0018
0019
0010
0087
0086
0085
0084
0083
0082
0081
0088
0089
0080
0097
0096
0095
0094
0093
0092
0091
0098
0099
0090
0007
0006
0005
0004
0003
0002
0001
0008
0009
0000

8954
8955
8956
8957
8958
8959
8960
8961
8962
8963
8964
8965
8966
8967
8968
8969
8970
8971
8972
8973
8974
8975
8976
8977
8978
8979
8980
8981
8982
8983
8984
8985
8986
8987
8988
8989
8990
8991
8992
8993
8994
8995
8996
8997
8998
8999
9000
9001
9002
9003
9004
9005
9006
9007
9008
9009
9010
9011
9012
9013
9014
9015
9016
9017
9018
9019
9020
9021
9022
9023
9024
9025
9026
9027
9028
9029
9030
9031
9032
9033
9034
9035
9036
9037
9038
9039
9040
9041
9042
9043
9044
9045
9046
9047
9048
9049
9050
9051
9052
9053
9054
9055
9056
9057
9058
9059
9060
9061
9062
9063
9064
9065
9066
9067
9068
9069
9070
9071
9072
9073
9074
9075
9076
9077
9078
9079
9080
9081
9082
9083
9084
9085
9086
9087
9088
9089
9090
9091
9092
9093
9094
9095
9096
9097
9098
9099
9100
9101
9102
9103
9104
9105
9106
9107
9108
9109
9110
9111
9112
9113
9114
9115
9116
9117
9118
9119
9120
9121
9122
9123
9124
9125
9126
9127
9128
9129
9130
9131
9132
9133
9134
9135
9136
9137
9138
9139
9140
9141
9142
9143
9144
9145
9146
9147
9148
9149
9150
9151
9152
9153
9154
9155
9156
9157
9158
9159
9160
9161
9162
9163
9164
9165
9166
9167
9168
9169
9170
9171
9172
9173
9174
9175
9176
9177
9178
9179
9180
9181
9182
9183
9184
9185
9186
9187
9188
9189
9190
9191
9192
9193
9194
9195
9196
9197
9198
9199
9200
9201
9202
9203
9204
9205
9206
9207
9208
9209
9210
9211
9212
9213
9214
9215
9216
9217
9218
9219
9220
9221
9222
9223
9224
9225
9226
9227
9228
9229
9230
9231
9232
9233
9234
9235
9236
9237
9238
9239
9240
9241
9242
9243
9244
9245
9246
9247
9248
9249
9250
9251
9252
9253
9254
9255
9256
9257
9258
9259
9260
9261
9262
9263
9264
9265
9266
9267
9268
9269
9270
9271
9272
9273
9274
9275
9276
9277
9278
9279
9280
9281
9282
9283
9284
9285
9286
9287
9288
9289
9290
9291
9292
9293
9294
9295
9296
9297
9298
9299
9300
9301
9302
9303
9304
9305
9306
9307
9308
9309
9310
9311
9312
9313
9314
9315
9316
9317
9318
9319
9320
9321
9322
9323
9324
9325
9326
9327
9328
9329
9330
9331
9332
9333
9334
9335
9336
9337
9338
9339
9340
9341
9342
9343
9344
9345
9346
9347
9348
9349
9350
9351
9352
9353
9354
9355
9356
9357
9358
9359
9360
9361
9362
9363
9364
9365
9366
9367
9368
9369
9370
9371
9372
9373
9374
9375
9376
9377
9378
9379
9380
9381
9382
9383
9384
9385
9386
9387
9388
9389
9390
9391
9392
9393
9394
9395
9396
9397
9398
9399
9400
9401
9402
9403
9404
9405
9406
9407
9408
9409
9410
9411
9412
9413
9414
9415
9416
9417
9418
9419
9420
9421
9422
9423
9424
9425
9426
9427
9428
9429
9430
9431
9432
9433
9434
9435
9436
9437
9438
9439
9440
9441
9442
9443
9444
9445
9446
9447
9448
9449
9450
9451
9452
9453
9454
9455
9456
9457
9458
9459
9460
9461
9462
9463
9464
9465
9466
9467
9468
9469
9470
9471
9472
9473
9474
9475
9476
9477
9478
9479
9480
9481
9482
9483
9484
9485
9486
9487
9488
9489
9490
9491
9492
9493
9494
9495
9496
9497
9498
9499
9500
9501
9502
9503
9504
9505
9506
9507
9508
9509
9510
9511
9512
9513
9514
9515
9516
9517
9518
9519
9520
9521
9522
9523
9524
9525
9526
9527
9528
9529
9530
9531
9532
9533
9534
9535
9536
9537
9538
9539
9540
9541
9542
9543
9544
9545
9546
9547
9548
9549
9550
9551
9552
9553
9554
9555
9556
9557
9558
9559
9560
9561
9562
9563
9564
9565
9566
9567
9568
9569
9570
9571
9572
9573
9574
9575
9576
9577
9578
9579
9580
9581
9582
9583
9584
9585
9586
9587
9588
9589
9590
9591
9592
9593
9594
9595
9596
9597
9598
9599
9600
9601
9602
9603
9604
9605
9606
9607
9608
9609
9610
9611
9612
9613
9614
9615
9616
9617
9618
9619
9620
9621
9622
9623
9624
9625
9626
9627
9628
9629
9630
9631
9632
9633
9634
9635
9636
9637
9638
9639
9640
9641
9642
9643
9644
9645
9646
9647
9648
9649
9650
9651
9652
9653
9654
9655
9656
9657
9658
9659
9660
9661
9662
9663
9664
9665
9666
9667
9668
9669
9670
9671
9672
9673
9674
9675
9676
9677
9678
9679
9680
9681
9682
9683
9684
9685
9686
9687
9688
9689
9690
9691
9692
9693
9694
9695
9696
9697
9698
9699
9700
9701
9702
9703
9704
9705
9706
9707
9708
9709
9710
9711
9712
9713
9714
9715
9716
9717
9718
9719
9720
9721
9722
9723
9724
9725
9726
9727
9728
9729
9730
9731
9732
9733
9734
9735
9736
9737
9738
9739
9740
9741
9742
9743
9744
9745
9746
9747
9748
9749
9750
9751
9752
9753
9754
9755
9756
9757
9758
9759
9760
9761
9762
9763
9764
9765
9766
9767
9768
9769
9770
9771
9772
9773
9774
9775
9776
9777
9778
9779
9780
9781
9782
9783
9784
9785
9786
9787
9788
9789
9790
9791
9792
9793
9794
9795
9796
9797
9798
9799
9800
9801
9802
9803
9804
9805
9806
9807
9808
9809
9810
9811
9812
9813
9814
9815
9816
9817
9818
9819
9820
9821
9822
9823
9824
9825
9826
9827
9828
9829
9830
9831
9832
9833
9834
9835
9836
9837
9838
9839
9840
9841
9842
9843
9844
9845
9846
9847
9848
9849
9850
9851
9852
9853
9854
9855
9856
9857
9858
9859
9860
9861
9862
9863
9864
9865
9866
9867
9868
9869
9870
9871
9872
9873
9874
9875
9876
9877
9878
9879
9880
9881
9882
9883
9884
9885
9886
9887
9888
9889
9890
9891
9892
9893
9894
9895
9896
9897
9898
9899
9900
9901
9902
9903
9904
9905
9906
9907
9908
9909
9910
9911
9912
9913
9914
9915
9916
9917
9918
9919
9920
9921
9922
9923
9924
9925
9926
9927
9928
9929
9930
9931
9932
9933
9934
9935
9936
9937
9938
9939
9940
9941
9942
9943
9944
9945
9946
9947
9948
9949
9950
9951
9952
9953
9954
9955
9956
9957
9958
9959
9960
9961
9962
9963
9964
9965
9966
9967
9968
9969
9970
9971
9972
9973
9974
9975
9976
9977
9978
9979
9980
9981
9982
9983
9984
9985
9986
9987
9988
9989
9990
9991
9992
9993
9994
9995
9996
9997
9998
9999
6914
6917
6949
6946
6943
6941
6944
6947
6979
6976
6973
6971
6974
6977
6699
6696
6693
6691
6694
6697
6669
6666
6663
6661
6664
6667
6639
6636
6633
6631
6634
6637
6619
6616
6613
6611
6614
6617
6649
6646
6643
6641
6644
6647
6679
6676
6673
6671
6674
6677
6399
6396
6393
6391
6394
6397
6369
6366
6363
6361
6364
6367
6339
6336
6333
6331
6334
6337
6319
6316
6313
6311
6314
6317
6349
6346
6343
6341
6344
6347
6379
6376
6373
6371
6374
6377
6199
6196
6193
6191
6194
6197
6169
6166
6163
6161
6164
6167
6139
6136
6133
6131
6134
6137
6119
6116
6113
6111
6114
6117
6149
6146
6143
6141
6144
6147
6179
6176
6173
6171
6174
6177
6499
6496
6493
6491
6494
6497
6469
6466
6463
6461
6464
6467
6439
6436
6433
6431
6434
6437
6419
6416
6413
6411
6414
6417
6449
6446
6443
6441
6444
6447
6479
6476
6473
6471
6474
6477
6799
6796
6793
6791
6794
6797
6769
6766
6763
6761
6764
6767
6739
6736
6733
6731
6734
6737
6719
6716
6713
6711
6714
6717
6749
6746
6743
6741
6744
6747
6779
6776
6773
6771
6774
6777
3999
3996
3993
3991
3994
3997
3969
3966
3963
3961
3964
3967
3939
3936
3933
3931
3934
3937
3919
3916
3913
3911
3914
3917
3949
3946
3943
3941
3944
3947
3979
3976
3973
3971
3974
3977
3699
3696
3693
3691
3694
3697
3669
3666
3663
3661
3664
3667
3639
3636
3633
3631
3634
3637
3619
3616
3613
3611
3614
3617
3649
3646
3643
3641
3644
3647
3679
3676
3673
3671
3674
3677
3399
3396
3393
3391
3394
3397
3369
3366
3363
3361
3364
3367
3339
3336
3333
3331
3334
3337
3319
3316
3313
3311
3314
3317
3349
3346
3343
3341
3344
3347
3379
3376
3373
3371
3374
3377
3199
3196
3193
3191
3194
3197
3169
3166
3163
3161
3164
3167
3139
3136
3133
3131
3134
3137
3119
3116
3113
3111
3114
3117
3149
3146
3143
3141
3144
3147
3179
3176
3173
3171
3174
3177
3499
3496
3493
3491
3494
3497
3469
3466
3463
3461
3464
3467
3439
3436
3433
3431
3434
3437
3419
3416
3413
3411
3414
3417
3449
3446
3443
3441
3444
3447
3479
3476
3473
3471
3474
3477
3799
3796
3793
3791
3794
3797
3769
3766
3763
3761
3764
3767
3739
3736
3733
3731
3734
3737
3719
3716
3713
3711
3714
3717
3749
3746
3743
3741
3744
3747
3779
3776
3773
3771
3774
3777
1999
1996
1993
1991
1994
1997
1969
1966
1963
1961
1964
1967
1939
1936
1933
1931
1934
1937
1919
1916
1913
1911
1914
1917
1949
1946
1943
1941
1944
1947
1979
1976
1973
1971
1974
1977
1699
1696
1693
1691
1694
1697
1669
1666
1663
1661
1664
1667
1639
1636
1633
1631
1634
1637
1619
1616
1613
1611
1614
1617
1649
1646
1643
1641
1644
1647
1679
1676
1673
1671
1674
1677
1399
1396
1393
1391
1394
1397
1369
1366
1363
1361
1364
1367
1339
1336
1333
1331
1334
1337
1319
1316
1313
1311
1314
1317
1349
1346
1343
1341
1344
1347
1379
1376
1373
1371
1374
1377
1199
1196
1193
1191
1194
1197
1169
1166
1163
1161
1164
1167
1139
1136
1133
1131
1134
1137
1119
1116
1113
1111
1114
1117
1149
1146
1143
1141
1144
1147
1179
1176
1173
1171
1174
1177
1499
1496
1493
1491
1494
1497
1469
1466
1463
1461
1464
1467
1439
1436
1433
1431
1434
1437
1419
1416
1413
1411
1414
1417
1449
1446
1443
1441
1444
1447
1479
1476
1473
1471
1474
1477
1799
1796
1793
1791
1794
1797
1769
1766
1763
1761
1764
1767
1739
1736
1733
1731
1734
1737
1719
1716
1713
1711
1714
1717
1749
1746
1743
1741
1744
1747
1779
1776
1773
1771
1774
1777
4999
4996
4993
4991
4994
4997
4969
4966
4963
4961
4964
4967
4939
4936
4933
4931
4934
4937
4919
4916
4913
4911
4914
4917
4949
4946
4943
4941
4944
4947
4979
4976
4973
4971
4974
4977
4699
4696
4693
4691
4694
4697
4669
4666
4663
4661
4664
4667
4639
4636
4633
4631
4634
4637
4619
4616
4613
4611
4614
4617
4649
4646
4643
4641
4644
4647
4679
4676
4673
4671
4674
4677
4399
4396
4393
4391
4394
4397
4369
4366
4363
4361
4364
4367
4339
4336
4333
4331
4334
4337
4319
4316
4313
4311
4314
4317
4349
4346
4343
4341
4344
4347
4379
4376
4373
4371
4374
4377
4199
4196
4193
4191
4194
4197
4169
4166
4163
4161
4164
4167
4139
4136
4133
4131
4134
4137
4119
4116
4113
4111
4114
4117
4149
4146
4143
4141
4144
4147
4179
4176
4173
4171
4174
4177
4499
4496
4493
4491
4494
4497
4469
4466
4463
4461
4464
4467
4439
4436
4433
4431
4434
4437
4419
4416
4413
4411
4414
4417
4449
4446
4443
4441
4444
4447
4479
4476
4473
4471
4474
4477
4799
4796
4793
4791
4794
4797
4769
4766
4763
4761
4764
4767
4739
4736
4733
4731
4734
4737
4719
4716
4713
4711
4714
4717
4749
4746
4743
4741
4744
4747
4779
4776
4773
4771
4774
4777
7999
7996
7993
7991
7994
7997
7969
7966
7963
7961
7964
7967
7939
7936
7933
7931
7934
7937
7919
7916
7913
7911
7914
7917
7949
7946
7943
7941
7944
7947
7979
7976
7973
7971
7974
7977
7699
7696
7693
7691
7694
7697
7669
7666
7663
7661
7664
7667
7639
7636
7633
7631
7634
7637
7619
7616
7613
7611
7614
7617
7649
7646
7643
7641
7644
7647
7679
7676
7673
7671
7674
7677
7399
7396
7393
7391
7394
7397
7369
7366
7363
7361
7364
7367
7339
7336
7333
7331
7334
7337
7319
7316
7313
7311
7314
7317
7349
7346
7343
7341
7344
7347
7379
7376
7373
7371
7374
7377
7199
7196
7193
7191
7194
7197
7169
7166
7163
7161
7164
7167
7139
7136
7133
7131
7134
7137
7119
7116
7113
7111
7114
7117
7149
7146
7143
7141
7144
7147
7179
7176
7173
7171
7174
7177
7499
7496
7493
7491
7494
7497
7469
7466
7463
7461
7464
7467
7439
7436
7433
7431
7434
7437
7419
7416
7413
7411
7414
7417
7449
7446
7443
7441
7444
7447
7479
7476
7473
7471
7474
7477
7799
7796
7793
7791
7794
7797
7769
7766
7763
7761
7764
7767
7739
7736
7733
7731
7734
7737
7719
7716
7713
7711
7714
7717
7749
7746
7743
7741
7744
7747
7779
7776
7773
7771
7774
7777
4969
4966
4963
4961
4964
4967
4939
4936
4933
4931
4934
4937
4919
4916
4913
4911
4914
4917
4949
4946
4943
4941
4944
4947
4979
4976
4973
4971
4974
4977
4699
4696
4693
4691
4694
4697
4669
4666
4663
4661
4664
4667
4639
4636
4633
4631
4634
4637
4619
4616
4613
4611
4614
4617
4649
4646
4643
4641
4644
4647
4679
4676
4673
4671
4674
4677
4399
4396
4393
4391
4394
4397
4369
4366
4363
4361
4364
4367
4339
4336
4333
4331
4334
4337
4319
4316
4313
4311
4314
4317
4349
4346
4343
4341
4344
4347
4379
4376
4373
4371
4374
4377
4199
4196
4193
4191
4194
4197
4169
4166
4163
4161
4164
4167
4139
4136
4133
4131
4134
4137
4119
4116
4113
4111
4114
4117
4149
4146
4143
4141
4144
4147
4179
4176
4173
4171
4174
4177
4499
4496
4493
4491
4494
4497
4469
4466
4463
4461
4464
4467
4439
4436
4433
4431
4434
4437
4419
4416
4413
4411
4414
4417
4449
4446
4443
4441
4444
4447
4479
4476
4473
4471
4474
4477
4799
4796
4793
4791
4794
4797
4769
4766
4763
4761
4764
4767
4739
4736
4733
4731
4734
4737
4719
4716
4713
4711
4714
4717
4749
4746
4743
4741
4744
4747
4779
4776
4773
4771
4774
4777
7999
7996
7993
7991
7994
7997
7969
7966
7963
7961
7964
7967
7939
7936
7933
7931
7934
7937
7919
7916
7913
7911
7914
7917
7949
7946
7943
7941
7944
7947
7979
7976
7973
7971
7974
7977
7699
7696
7693
7691
7694
7697
7669
7666
7663
7661
7664
7667
7639
7636
7633
7631
7634
7637
7619
7616
7613
7611
7614
7617
7649
7646
7643
7641
7644
7647
7679
7676
7673
7671
7674
7677
7399
7396
7393
7391
7394
7397
7369
7366
7363
7361
7364
7367
7339
7336
7333
7331
7334
7337
7319
7316
7313
7311
7314
7317
7349
7346
7343
7341
7344
7347
7379
7376
7373
7371
7374
7377
7199
7196
7193
7191
7194
7197
7169
7166
7163
7161
7164
7167
7139
7136
7133
7131
7134
7137
7119
7116
7113
7111
7114
7117
7149
7146
7143
7141
7144
7147
7179
7176
7173
7171
7174
7177
7499
7496
7493
7491
7494
7497
7469
7466
7463
7461
7464
7467
7439
7436
7433
7431
7434
7437
7419
7416
7413
7411
7414
7417
7449
7446
7443
7441
7444
7447
7479
7476
7473
7471
7474
7477
7799
7796
7793
7791
7794
7797
7769
7766
7763
7761
7764
7767
7739
7736
7733
7731
7734
7737
7719
7716
7713
7711
7714
7717
7749
7746
7743
7741
7744
7747
7779
7776
7773
7771
7774
7777
root@kali:/home/kali# crunch 4 4 9951357
Crunch will now generate the following amount of data: 3125 bytes
0 MB
0 GB
0 TB
0 PB
Crunch will now generate the following number of lines: 625 
9999
9995
9991
9993
9997
9959
9955
9951
9953
9957
9919
9915
9911
9913
9917
9939
9935
9931
9933
9937
9979
9975
9971
9973
9977
9599
9595
9591
9593
9597
9559
9555
9551
9553
9557
9519
9515
9511
9513
9517
9539
9535
9531
9533
9537
9579
9575
9571
9573
9577
9199
9195
9191
9193
9197
9159
9155
9151
9153
9157
9119
9115
9111
9113
9117
9139
9135
9131
9133
9137
9179
9175
9171
9173
9177
9399
9395
9391
9393
9397
9359
9355
9351
9353
9357
9319
9315
9311
9313
9317
9339
9335
9331
9333
9337
9379
9375
9371
9373
9377
9799
9795
9791
9793
9797
9759
9755
9751
9753
9757
9719
9715
9711
9713
9717
9739
9735
9731
9733
9737
9779
9775
9771
9773
9777
5999
5995
5991
5993
5997
5959
5955
5951
5953
5957
5919
5915
5911
5913
5917
5939
5935
5931
5933
5937
5979
5975
5971
5973
5977
5599
5595
5591
5593
5597
5559
5555
5551
5553
5557
5519
5515
5511
5513
5517
5539
5535
5531
5533
5537
5579
5575
5571
5573
5577
5199
5195
5191
5193
5197
5159
5155
5151
5153
5157
5119
5115
5111
5113
5117
5139
5135
5131
5133
5137
5179
5175
5171
5173
5177
5399
5395
5391
5393
5397
5359
5355
5351
5353
5357
5319
5315
5311
5313
5317
5339
5335
5331
5333
5337
5379
5375
5371
5373
5377
5799
5795
5791
5793
5797
5759
5755
5751
5753
5757
5719
5715
5711
5713
5717
5739
5735
5731
5733
5737
5779
5775
5771
5773
5777
1999
1995
1991
1993
1997
1959
1955
1951
1953
1957
1919
1915
1911
1913
1917
1939
1935
1931
1933
1937
1979
1975
1971
1973
1977
1599
1595
1591
1593
1597
1559
1555
1551
1553
1557
1519
1515
1511
1513
1517
1539
1535
1531
1533
1537
1579
1575
1571
1573
1577
1199
1195
1191
1193
1197
1159
1155
1151
1153
1157
1119
1115
1111
1113
1117
1139
1135
1131
1133
1137
1179
1175
1171
1173
1177
1399
1395
1391
1393
1397
1359
1355
1351
1353
1357
1319
1315
1311
1313
1317
1339
1335
1331
1333
1337
1379
1375
1371
1373
1377
1799
1795
1791
1793
1797
1759
1755
1751
1753
1757
1719
1715
1711
1713
1717
1739
1735
1731
1733
1737
1779
1775
1771
1773
1777
3999
3995
3991
3993
3997
3959
3955
3951
3953
3957
3919
3915
3911
3913
3917
3939
3935
3931
3933
3937
3979
3975
3971
3973
3977
3599
3595
3591
3593
3597
3559
3555
3551
3553
3557
3519
3515
3511
3513
3517
3539
3535
3531
3533
3537
3579
3575
3571
3573
3577
3199
3195
3191
3193
3197
3159
3155
3151
3153
3157
3119
3115
3111
3113
3117
3139
3135
3131
3133
3137
3179
3175
3171
3173
3177
3399
3395
3391
3393
3397
3359
3355
3351
3353
3357
3319
3315
3311
3313
3317
3339
3335
3331
3333
3337
3379
3375
3371
3373
3377
3799
3795
3791
3793
3797
3759
3755
3751
3753
3757
3719
3715
3711
3713
3717
3739
3735
3731
3733
3737
3779
3775
3771
3773
3777
7999
7995
7991
7993
7997
7959
7955
7951
7953
7957
7919
7915
7911
7913
7917
7939
7935
7931
7933
7937
7979
7975
7971
7973
7977
7599
7595
7591
7593
7597
7559
7555
7551
7553
7557
7519
7515
7511
7513
7517
7539
7535
7531
7533
7537
7579
7575
7571
7573
7577
7199
7195
7191
7193
7197
7159
7155
7151
7153
7157
7119
7115
7111
7113
7117
7139
7135
7131
7133
7137
7179
7175
7171
7173
7177
7399
7395
7391
7393
7397
7359
7355
7351
7353
7357
7319
7315
7311
7313
7317
7339
7335
7331
7333
7337
7379
7375
7371
7373
7377
7799
7795
7791
7793
7797
7759
7755
7751
7753
7757
7719
7715
7711
7713
7717
7739
7735
7731
7733
7737
7779
7775
7771
7773
7777
3676
3677
3679
3673
3671
3698
3694
3692
3696
3697
3699
3693
3691
3638
3634
3632
3636
3637
3639
3633
3631
3618
3614
3612
3616
3617
3619
3613
3611
3788
3784
3782
3786
3787
3789
3783
3781
3748
3744
3742
3746
3747
3749
3743
3741
3728
3724
3722
3726
3727
3729
3723
3721
3768
3764
3762
3766
3767
3769
3763
3761
3778
3774
3772
3776
3777
3779
3773
3771
3798
3794
3792
3796
3797
3799
3793
3791
3738
3734
3732
3736
3737
3739
3733
3731
3718
3714
3712
3716
3717
3719
3713
3711
3988
3984
3982
3986
3987
3989
3983
3981
3948
3944
3942
3946
3947
3949
3943
3941
3928
3924
3922
3926
3927
3929
3923
3921
3968
3964
3962
3966
3967
3969
3963
3961
3978
3974
3972
3976
3977
3979
3973
3971
3998
3994
3992
3996
3997
3999
3993
3991
3938
3934
3932
3936
3937
3939
3933
3931
3918
3914
3912
3916
3917
3919
3913
3911
3388
3384
3382
3386
3387
3389
3383
3381
3348
3344
3342
3346
3347
3349
3343
3341
3328
3324
3322
3326
3327
3329
3323
3321
3368
3364
3362
3366
3367
3369
3363
3361
3378
3374
3372
3376
3377
3379
3373
3371
3398
3394
3392
3396
3397
3399
3393
3391
3338
3334
3332
3336
3337
3339
3333
3331
3318
3314
3312
3316
3317
3319
3313
3311
3188
3184
3182
3186
3187
3189
3183
3181
3148
3144
3142
3146
3147
3149
3143
3141
3128
3124
3122
3126
3127
3129
3123
3121
3168
3164
3162
3166
3167
3169
3163
3161
3178
3174
3172
3176
3177
3179
3173
3171
3198
3194
3192
3196
3197
3199
3193
3191
3138
3134
3132
3136
3137
3139
3133
3131
3118
3114
3112
3116
3117
3119
3113
3111
1888
1884
1882
1886
1887
1889
1883
1881
1848
1844
1842
1846
1847
1849
1843
1841
1828
1824
1822
1826
1827
1829
1823
1821
1868
1864
1862
1866
1867
1869
1863
1861
1878
1874
1872
1876
1877
1879
1873
1871
1898
1894
1892
1896
1897
1899
1893
1891
1838
1834
1832
1836
1837
1839
1833
1831
1818
1814
1812
1816
1817
1819
1813
1811
1488
1484
1482
1486
1487
1489
1483
1481
1448
1444
1442
1446
1447
1449
1443
1441
1428
1424
1422
1426
1427
1429
1423
1421
1468
1464
1462
1466
1467
1469
1463
1461
1478
1474
1472
1476
1477
1479
1473
1471
1498
1494
1492
1496
1497
1499
1493
1491
1438
1434
1432
1436
1437
1439
1433
1431
1418
1414
1412
1416
1417
1419
1413
1411
1288
1284
1282
1286
1287
1289
1283
1281
1248
1244
1242
1246
1247
1249
1243
1241
1228
1224
1222
1226
1227
1229
1223
1221
1268
1264
1262
1266
1267
1269
1263
1261
1278
1274
1272
1276
1277
1279
1273
1271
1298
1294
1292
1296
1297
1299
1293
1291
1238
1234
1232
1236
1237
1239
1233
1231
1218
1214
1212
1216
1217
1219
1213
1211
1688
1684
1682
1686
1687
1689
1683
1681
1648
1644
1642
1646
1647
1649
1643
1641
1628
1624
1622
1626
1627
1629
1623
1621
1668
1664
1662
1666
1667
1669
1663
1661
1678
1674
1672
1676
1677
1679
1673
1671
1698
1694
1692
1696
1697
1699
1693
1691
1638
1634
1632
1636
1637
1639
1633
1631
1618
1614
1612
1616
1617
1619
1613
1611
1788
1784
1782
1786
1787
1789
1783
1781
1748
1744
1742
1746
1747
1749
1743
1741
1728
1724
1722
1726
1727
1729
1723
1721
1768
1764
1762
1766
1767
1769
1763
1761
1778
1774
1772
1776
1777
1779
1773
1771
1798
1794
1792
1796
1797
1799
1793
1791
1738
1734
1732
1736
1737
1739
1733
1731
1718
1714
1712
1716
1717
1719
1713
1711
1988
1984
1982
1986
1987
1989
1983
1981
1948
1944
1942
1946
1947
1949
1943
1941
1928
1924
1922
1926
1927
1929
1923
1921
1968
1964
1962
1966
1967
1969
1963
1961
1978
1974
1972
1976
1977
1979
1973
1971
1998
1994
1992
1996
1997
1999
1993
1991
1938
1934
1932
1936
1937
1939
1933
1931
1918
1914
1912
1916
1917
1919
1913
1911
1388
1384
1382
1386
1387
1389
1383
1381
1348
1344
1342
1346
1347
1349
1343
1341
1328
1324
1322
1326
1327
1329
1323
1321
1368
1364
1362
1366
1367
1369
1363
1361
1378
1374
1372
1376
1377
1379
1373
1371
1398
1394
1392
1396
1397
1399
1393
1391
1338
1334
1332
1336
1337
1339
1333
1331
1318
1314
1312
1316
1317
1319
1313
1311
1188
1184
1182
1186
1187
1189
1183
1181
1148
1144
1142
1146
1147
1149
1143
1141
1128
1124
1122
1126
1127
1129
1123
1121
1168
1164
1162
1166
1167
1169
1163
1161
1178
1174
1172
1176
1177
1179
1173
1171
1198
1194
1192
1196
1197
1199
1193
1191
1138
1134
1132
1136
1137
1139
1133
1131
1118
1114
1112
1116
1117
1119
1113
1111
root@kali:/home/kali# crunch 4 4 8426
Crunch will now generate the following amount of data: 1280 bytes                                                                                                                                                                          
0 MB                                                                                                                                                                                                                                       
0 GB
0 TB
0 PB
Crunch will now generate the following number of lines: 256 
8888
8884
8882
8886
8848
8844
8842
8846
8828
8824
8822
8826
8868
8864
8862
8866
8488
8484
8482
8486
8448
8444
8442
8446
8428
8424
8422
8426
8468
8464
8462
8466
8288
8284
8282
8286
8248
8244
8242
8246
8228
8224
8222
8226
8268
8264
8262
8266
8688
8684
8682
8686
8648
8644
8642
8646
8628
8624
8622
8626
8668
8664
8662
8666
4888
4884
4882
4886
4848
4844
4842
4846
4828
4824
4822
4826
4868
4864
4862
4866
4488
4484
4482
4486
4448
4444
4442
4446
4428
4424
4422
4426
4468
4464
4462
4466
4288
4284
4282
4286
4248
4244
4242
4246
4228
4224
4222
4226
4268
4264
4262
4266
4688
4684
4682
4686
4648
4644
4642
4646
4628
4624
4622
4626
4668
4664
4662
4666
2888
2884
2882
2886
2848
2844
2842
2846
2828
2824
2822
2826
2868
2864
2862
2866
2488
2484
2482
2486
2448
2444
2442
2446
2428
2424
2422
2426
2468
2464
2462
2466
2288
2284
2282
2286
2248
2244
2242
2246
2228
2224
2222
2226
2268
2264
2262
2266
2688
2684
2682
2686
2648
2644
2642
2646
2628
2624
2622
2626
2668
2664
2662
2666
6888
6884
6882
6886
6848
6844
6842
6846
6828
6824
6822
6826
6868
6864
6862
6866
6488
6484
6482
6486
6448
6444
6442
6446
6428
6424
6422
6426
6468
6464
6462
6466
6288
6284
6282
6286
6248
6244
6242
6246
6228
6224
6222
6226
6268
6264
6262
6266
6688
6684
6682
6686
6648
6644
6642
6646
6628
6624
6622
6626
6668
6664
6662
6666
7777
7779
7771
7773
7797
7799
7791
7793
7717
7719
7711
7713
7737
7739
7731
7733
7977
7979
7971
7973
7997
7999
7991
7993
7917
7919
7911
7913
7937
7939
7931
7933
7177
7179
7171
7173
7197
7199
7191
7193
7117
7119
7111
7113
7137
7139
7131
7133
7377
7379
7371
7373
7397
7399
7391
7393
7317
7319
7311
7313
7337
7339
7331
7333
9777
9779
9771
9773
9797
9799
9791
9793
9717
9719
9711
9713
9737
9739
9731
9733
9977
9979
9971
9973
9997
9999
9991
9993
9917
9919
9911
9913
9937
9939
9931
9933
9177
9179
9171
9173
9197
9199
9191
9193
9117
9119
9111
9113
9137
9139
9131
9133
9377
9379
9371
9373
9397
9399
9391
9393
9317
9319
9311
9313
9337
9339
9331
9333
1777
1779
1771
1773
1797
1799
1791
1793
1717
1719
1711
1713
1737
1739
1731
1733
1977
1979
1971
1973
1997
1999
1991
1993
1917
1919
1911
1913
1937
1939
1931
1933
1177
1179
1171
1173
1197
1199
1191
1193
1117
1119
1111
1113
1137
1139
1131
1133
1377
1379
1371
1373
1397
1399
1391
1393
1317
1319
1311
1313
1337
1339
1331
1333
3777
3779
3771
3773
3797
3799
3791
3793
3717
3719
3711
3713
3737
3739
3731
3733
3977
3979
3971
3973
3997
3999
3991
3993
3917
3919
3911
3913
3937
3939
3931
3933
3177
3179
3171
3173
3197
3199
3191
3193
3117
3119
3111
3113
3137
3139
3131
3133
3377
3379
3371
3373
3397
3399
3391
3393
3317
3319
3311
3313
3337
3339
3331
3333

